Date,Open,High,Low,Close,Volume
20200213,12.05,12.06,12.05,12.06,68648
20200214,12.09,12.09,12.09,12.09,5140
20200217,12.06,12.06,12.06,12.06,13290
20200218,12.11,12.11,12.11,12.11,4084
20200219,12.09,12.09,12.09,12.09,250
20200220,12.12,12.12,12.11,12.11,4825
20200221,12.13,12.15,12.13,12.15,11781
20200224,12.15,12.15,12.12,12.12,14881
20200225,12.09,12.09,12.03,12.03,3706
20200226,12.12,12.12,12.12,12.12,1660
20200227,12.12,12.12,12.12,12.12,0
20200228,12.12,12.12,12.12,12.12,0
20200302,11.97,11.97,11.94,11.94,4200
20200303,11.96,11.99,11.95,11.95,1501
20200304,11.95,11.95,11.95,11.95,0
20200305,12,12,12,12,1500
20200306,12,12,12,12,0
20200309,11.82,11.85,11.82,11.85,1667
20200310,11.48,11.48,11.48,11.48,400
20200311,11.48,11.48,11.48,11.48,0
20200312,11.48,11.48,11.48,11.48,0
20200313,10.96,10.96,10.96,10.96,45
20200316,10.73,10.73,10.73,10.73,2050
20200317,10.75,10.75,10.75,10.75,930
20200318,10.75,10.75,10.75,10.75,0
20200319,10.75,10.75,10.75,10.75,0
20200320,10.43,10.43,10.43,10.43,500
20200323,10,10.01,10,10.01,5050
20200324,10.01,10.01,10.01,10.01,45
20200325,9.97,9.97,9.97,9.97,5267
20200326,9.97,9.97,9.97,9.97,0
20200327,9.97,9.97,9.97,9.97,0
20200330,9.97,9.97,9.97,9.97,0
20200331,9.97,9.97,9.97,9.97,0
20200401,9.98,9.98,9.98,9.98,2213
20200402,9.98,9.98,9.98,9.98,0
20200403,9.98,9.98,9.98,9.98,0
20200406,10.01,10.01,10.01,10.01,10
20200407,10.1,10.1,10.1,10.1,200
20200408,10.1,10.1,10.1,10.1,0
20200409,10.02,10.02,10.02,10.02,30
20200414,9.81,9.81,9.81,9.81,248
20200415,9.85,9.85,9.85,9.85,1650
20200416,9.97,10.08,9.97,10.08,40854
20200417,10.07,10.07,10.07,10.07,20256
20200420,10.07,10.07,10.07,10.07,4750
20200421,10.09,10.09,10.09,10.09,2000
20200422,10.09,10.09,10.09,10.09,0
20200423,9.97,9.97,9.97,9.97,6878
20200424,9.89,9.89,9.89,9.89,500
20200427,9.89,9.89,9.89,9.89,0
20200428,9.85,9.85,9.75,9.75,1101
20200429,9.75,9.75,9.75,9.75,0
20200430,9.81,9.81,9.81,9.81,19263
20200501,9.91,9.91,9.9,9.9,9055
20200504,9.86,9.86,9.81,9.81,4050
20200505,9.81,9.81,9.81,9.81,0
20200506,9.81,9.81,9.81,9.81,0
20200507,10.04,10.04,10.04,10.04,716
20200508,10.09,10.09,10.09,10.09,1500
20200511,10.09,10.09,10.09,10.09,0
20200512,10.31,10.31,10.31,10.31,484
20200513,10.31,10.31,10.31,10.31,0
20200514,10.35,10.35,10.35,10.35,2238
20200515,10.35,10.35,10.35,10.35,0
20200518,10.33,10.33,10.27,10.27,5813
20200519,10.27,10.27,10.27,10.27,0
20200520,10.44,10.44,10.44,10.44,700
20200521,10.56,10.56,10.56,10.56,300
20200522,10.56,10.56,10.56,10.56,0
20200525,10.56,10.56,10.56,10.56,0
20200526,10.71,10.71,10.71,10.71,1000
20200527,10.71,10.71,10.71,10.71,0
20200528,10.79,10.79,10.79,10.79,4640
20200529,10.74,10.74,10.74,10.74,1860
20200601,10.72,10.72,10.72,10.72,931
20200602,10.67,10.67,10.67,10.67,50029
20200603,10.67,10.67,10.67,10.67,0
20200604,10.71,10.71,10.71,10.71,5500
20200605,10.79,10.85,10.79,10.85,16510
20200609,10.85,11.01,10.85,11.01,5485
20200610,11.01,11.01,11.01,11.01,1910
20200611,11.01,11.01,11.01,11.01,0
20200612,11.08,11.08,11.02,11.03,113089
20200615,11.01,11.06,11.01,11.04,38093
20200616,10.86,10.97,10.86,10.97,2168
20200617,11.14,11.14,11.14,11.14,2032
20200618,11.1,11.11,11.1,11.11,113081
20200619,11.06,11.06,11.06,11.06,372
20200622,11.08,11.08,11.08,11.08,256
20200623,11.08,11.08,11.08,11.08,0
20200624,11.08,11.08,11.08,11.08,0
20200625,11.13,11.17,11.13,11.17,360
20200626,11.17,11.17,11.17,11.17,2327
20200629,11.15,11.15,11.14,11.15,13538
20200630,11.14,11.14,11.14,11.14,7473
20200701,11.14,11.14,11.14,11.14,4887
20200702,11.08,11.08,11.08,11.08,2698
20200703,11.13,11.17,11.13,11.17,99223
20200706,11.14,11.14,11.09,11.09,4741
20200707,11.15,11.15,11.15,11.15,8175
20200708,11.18,11.18,11.18,11.18,3755
20200709,11.15,11.15,11.13,11.13,7860
20200710,11.15,11.15,11.15,11.15,1924
20200713,11.15,11.15,11.15,11.15,300
20200714,11.15,11.15,11.15,11.15,530
20200715,11.11,11.11,11.11,11.11,832
20200716,11.09,11.09,11.09,11.09,2691
20200717,11.08,11.12,11.08,11.12,9596
20200720,11.13,11.17,11.13,11.17,1950
20200721,11.11,11.16,11.11,11.16,2917
20200722,11.16,11.16,11.16,11.16,251
20200723,11.22,11.22,11.22,11.22,33042
20200724,11.23,11.23,11.23,11.23,2749
20200727,11.29,11.29,11.26,11.26,715
20200728,11.31,11.31,11.3,11.3,5166
20200729,11.31,11.32,11.3,11.3,2187
20200730,11.36,11.36,11.36,11.36,3026
20200731,11.35,11.35,11.33,11.35,12245
20200803,11.35,11.35,11.33,11.33,6659
20200804,11.33,11.37,11.33,11.37,4965
20200805,11.42,11.42,11.38,11.38,660
20200806,11.45,11.45,11.45,11.45,4144
20200807,11.46,11.46,11.46,11.46,6228
20200810,11.49,11.49,11.49,11.49,19999
20200811,11.51,11.51,11.51,11.51,9205
20200812,11.54,11.54,11.54,11.54,14552
20200813,11.54,11.54,11.54,11.54,13470
20200814,11.54,11.54,11.54,11.54,24374
20200817,11.54,11.54,11.54,11.54,19630
20200818,11.51,11.51,11.51,11.51,63820
20200819,11.48,11.49,11.48,11.48,37198
20200820,11.46,11.48,11.46,11.48,34937
20200821,11.5,11.5,11.5,11.5,67223
20200824,11.51,11.51,11.51,11.51,45870
20200825,11.53,11.53,11.53,11.53,33384
20200826,11.53,11.53,11.53,11.53,61148
20200827,11.49,11.49,11.48,11.49,10732
20200828,11.49,11.49,11.49,11.49,4524
20200831,11.45,11.45,11.45,11.45,3089
20200901,11.41,11.41,11.41,11.41,11321
20200902,11.43,11.43,11.43,11.43,167
20200903,11.48,11.48,11.48,11.48,32299
20200904,11.48,11.49,11.45,11.45,3499
20200907,11.52,11.52,11.52,11.52,7720
20200908,11.51,11.51,11.51,11.51,5265
20200909,11.51,11.52,11.5,11.5,76043
20200910,11.5,11.5,11.48,11.48,4866
20200911,11.48,11.48,11.47,11.47,4483
20200914,11.46,11.46,11.45,11.45,9769
20200915,11.46,11.46,11.46,11.46,2842
20200916,11.46,11.48,11.46,11.48,7485
20200917,11.47,11.47,11.47,11.47,4706
20200918,11.45,11.45,11.45,11.45,13544
20200921,11.45,11.45,11.45,11.45,11503
20200922,11.45,11.45,11.44,11.44,22020
20200923,11.43,11.43,11.41,11.41,11282
20200924,11.4,11.4,11.4,11.4,3913
20200925,11.36,11.36,11.36,11.36,31735
20200928,11.36,11.37,11.36,11.37,31399
20200929,11.37,11.37,11.36,11.36,13766
20200930,11.37,11.37,11.37,11.37,17894
20201001,11.3,11.3,11.25,11.25,2934
20201002,11.3,11.3,11.27,11.27,15419
20201005,11.3,11.3,11.25,11.25,3556
20201006,11.25,11.3,11.25,11.3,12632
20201007,11.3,11.3,11.3,11.3,447
20201008,11.3,11.3,11.3,11.3,27398
20201009,11.31,11.42,11.31,11.42,28834
20201012,11.42,11.42,11.42,11.42,25512
20201013,11.36,11.43,11.36,11.43,5795
20201014,11.43,11.45,11.43,11.45,1888
20201015,11.4,11.43,11.4,11.43,35509
20201016,11.45,11.45,11.45,11.45,7484
20201019,11.44,11.44,11.44,11.44,3210
20201020,11.44,11.44,11.42,11.42,2559
20201021,11.47,11.47,11.42,11.47,19938
20201022,11.47,11.47,11.4,11.46,4727
20201023,11.46,11.46,11.46,11.46,284
20201026,11.42,11.46,11.42,11.46,6031
20201027,11.43,11.43,11.43,11.43,122
20201028,11.43,11.43,11.42,11.42,5108
20201029,11.4,11.42,11.37,11.37,7523
20201030,11.42,11.45,11.41,11.45,14947
20201102,11.38,11.38,11.38,11.38,13138
20201103,11.38,11.38,11.38,11.38,3928
20201104,11.36,11.36,11.27,11.32,33716
20201105,11.32,11.38,11.32,11.38,22004
20201106,11.38,11.42,11.36,11.36,8805
20201109,11.47,11.47,11.44,11.47,19758
20201110,11.5,11.5,11.47,11.47,19339
20201111,11.5,11.55,11.49,11.54,4183
20201112,11.54,11.54,11.51,11.51,33009
20201113,11.51,11.52,11.51,11.52,4574
20201116,11.52,11.52,11.52,11.52,0
20201117,11.5,11.5,11.5,11.5,32710
20201118,11.5,11.51,11.5,11.5,41402
20201119,11.5,11.5,11.47,11.5,4661
20201120,11.5,11.59,11.5,11.59,41130
20201123,11.59,11.59,11.57,11.57,27125
20201124,11.52,11.59,11.52,11.59,398608
20201125,11.56,11.6,11.56,11.59,27342
20201126,11.59,11.62,11.59,11.62,16402
20201127,11.62,11.62,11.62,11.62,17402
20201130,11.56,11.56,11.55,11.56,28087
20201201,11.52,11.54,11.52,11.54,202041
20201202,11.54,11.56,11.54,11.56,14497
20201203,11.6,11.6,11.56,11.56,17854
20201204,11.59,11.59,11.55,11.59,16786
20201207,11.59,11.63,11.59,11.63,19803
20201208,11.63,11.64,11.63,11.64,15206
20201209,11.64,11.69,11.64,11.69,29974
20201210,11.69,11.69,11.65,11.65,9218
20201211,11.65,11.65,11.63,11.63,64529
20201214,11.61,11.61,11.61,11.61,21360
20201215,11.6,11.61,11.6,11.61,7083
20201216,11.61,11.64,11.61,11.64,21256
20201217,11.6,11.65,11.6,11.65,11183
20201218,11.65,11.67,11.6,11.67,8462
20201221,11.67,11.67,11.67,11.67,18276
20201222,11.67,11.67,11.66,11.67,18087
20201223,11.67,11.7,11.65,11.65,30176
20201224,11.7,11.7,11.65,11.65,22859
20201229,11.65,11.65,11.6,11.65,3135
20201230,11.6,11.65,11.6,11.65,16106
20201231,11.65,11.65,11.65,11.65,4730
20210104,11.65,11.65,11.6,11.62,2139
20210105,11.6,11.67,11.6,11.67,9086
20210106,11.67,11.67,11.56,11.56,5793
20210107,11.55,11.55,11.5,11.5,26484
20210108,11.5,11.5,11.45,11.48,9457
20210111,11.48,11.48,11.45,11.45,4222
20210112,11.4,11.41,11.4,11.41,12212
20210113,11.41,11.41,11.34,11.38,6319
20210114,11.39,11.39,11.39,11.39,9400
20210115,11.36,11.41,11.36,11.41,17318
20210118,11.41,11.45,11.41,11.45,15936
20210119,11.47,11.47,11.44,11.46,13397
20210120,11.46,11.46,11.44,11.44,18201
20210121,11.46,11.46,11.44,11.45,50282
20210122,11.45,11.45,11.4,11.44,18990
20210125,11.44,11.46,11.37,11.45,54949
20210127,11.44,11.44,11.44,11.44,12236
20210128,11.45,11.46,11.45,11.46,4570
20210129,11.49,11.49,11.46,11.49,1618
20210201,11.43,11.43,11.43,11.43,22359
20210202,11.47,11.52,11.41,11.52,30314
20210203,11.52,11.58,11.52,11.56,9078
20210204,11.58,11.58,11.55,11.58,13832
20210205,11.6,11.6,11.55,11.57,42925
20210208,11.59,11.61,11.56,11.61,35285
20210209,11.61,11.61,11.54,11.55,91103
20210210,11.56,11.56,11.54,11.54,23784
20210211,11.61,11.61,11.56,11.57,50070
20210212,11.6,11.61,11.51,11.53,22176
20210215,11.56,11.56,11.54,11.54,31566
20210216,11.52,11.55,11.44,11.54,76119
20210217,11.47,11.52,11.46,11.46,23818
20210218,11.46,11.49,11.46,11.49,22289
20210219,11.46,11.47,11.44,11.45,26737
20210222,11.37,11.37,11.37,11.37,10903
20210223,11.37,11.37,11.28,11.28,62118
20210224,11.27,11.29,11.21,11.23,24731
20210225,11.23,11.29,11.23,11.27,10063
20210226,11.19,11.19,11.17,11.19,27234
20210301,11.23,11.23,11.23,11.23,27931
20210302,11.79,11.79,11.21,11.31,88384
20210303,11.28,11.28,11.25,11.27,77098
20210304,11.21,11.21,11.12,11.12,33163
20210305,11.19,11.19,11.15,11.15,86986
20210308,11.18,11.18,11.15,11.18,13404
20210309,11.18,11.18,11.04,11.12,9617
20210310,11.12,11.12,11.04,11.12,3881
20210311,11.12,11.15,11.1,11.14,59599
20210312,11.07,11.19,11.07,11.19,16045
20210315,11.12,11.12,11.1,11.12,43781
20210316,11.12,11.19,11.12,11.19,8128
20210317,11.19,11.2,11.11,11.2,11719
20210318,11.2,11.2,11.19,11.19,61195
20210319,11.19,11.19,11.12,11.16,57956
20210322,11.1,11.21,11.1,11.21,25881
20210323,11.21,11.23,11.21,11.23,24677
20210324,11.13,11.16,11.13,11.16,33182
20210325,11.13,11.13,11.11,11.11,15707
20210326,11.08,11.13,11.08,11.13,7883
20210329,11.08,11.08,11.03,11.07,11446
20210330,11.08,11.08,11.06,11.06,6061
20210331,11.03,11.03,10.98,10.98,23319
20210401,10.98,11.04,10.96,10.96,62642
20210406,11.2,11.2,11,11.04,39806
20210407,11.04,11.14,11.04,11.14,28769
20210408,11.18,11.18,11.05,11.14,17325
20210409,11.16,11.17,11.16,11.16,6986
20210412,11.11,11.18,11.11,11.18,12701
20210413,11.25,11.25,11.25,11.25,15785
20210414,11.23,11.23,11.2,11.22,8983
20210415,11.18,11.19,11.13,11.19,17205
20210416,11.23,11.24,11.2,11.23,15784
20210419,11.24,11.29,11.23,11.29,16507
20210420,11.24,11.29,11.22,11.29,20211
20210421,11.23,11.31,11.22,11.31,7871
20210422,11.3,11.3,11.24,11.24,25264
20210423,11.26,11.32,11.25,11.25,5129
20210426,11.31,11.31,11.25,11.3,9664
20210427,11.24,11.28,11.24,11.28,14025
20210428,11.25,11.28,11.25,11.28,25193
20210429,11.25,11.26,11.24,11.26,12611
20210430,11.26,11.26,11.21,11.26,24278
20210503,11.22,11.22,11.17,11.17,32175
20210504,11.21,11.21,11.15,11.2,16249
20210505,11.17,11.2,11.15,11.15,10457
20210506,11.16,11.21,11.16,11.16,27587
20210507,11.21,11.28,11.21,11.28,3332
20210510,11.27,11.27,11.22,11.27,2030
20210511,11.27,11.27,11.22,11.22,12374
20210512,11.28,11.28,11.23,11.28,22824
20210513,11.29,11.3,11.24,11.3,15397
20210514,11.3,11.36,11.25,11.25,452317
20210517,11.25,11.3,11.25,11.3,17350
20210518,11.3,11.3,11.22,11.22,15027
20210519,11.29,11.29,11.29,11.29,22247
20210520,11.29,11.29,11.23,11.29,14979
20210521,11.28,11.29,11.28,11.29,60946
20210524,11.31,11.31,11.27,11.27,11387
20210525,11.31,11.31,11.31,11.31,14408
20210526,11.27,11.32,11.27,11.32,18210
20210527,11.3,11.35,11.3,11.35,4600
20210528,11.34,11.36,11.31,11.31,2558
20210531,11.41,11.43,11.41,11.43,66782
20210601,11.39,11.39,11.32,11.37,24243
20210602,11.37,11.39,11.34,11.39,8312
20210603,11.39,11.44,11.39,11.44,23941
20210604,11.46,11.47,11.37,11.46,37828
20210607,11.44,11.45,11.44,11.44,14672
20210608,11.43,11.43,11.39,11.43,18347
20210609,11.44,11.45,11.41,11.45,31881
20210610,11.44,11.49,11.42,11.49,25530
20210611,11.49,11.49,11.44,11.46,21413
20210615,11.48,11.48,11.43,11.48,33878
20210616,11.39,11.43,11.39,11.43,21476
20210617,11.43,11.43,11.41,11.42,14283
20210618,11.37,11.45,11.37,11.45,21217
20210621,11.45,11.47,11.4,11.47,46249
20210622,11.43,11.43,11.42,11.43,8728
20210623,11.43,11.49,11.43,11.49,18763
20210624,11.46,11.46,11.44,11.46,7479
20210625,11.42,11.46,11.42,11.46,27161
20210628,11.45,11.45,11.45,11.45,11768
20210629,11.45,11.48,11.44,11.44,7217
20210630,11.48,11.51,11.48,11.51,16407
20210701,11.51,11.51,11.51,11.51,21357
20210702,11.51,11.51,11.47,11.47,64915
20210705,11.43,11.43,11.42,11.43,41430
20210706,11.43,11.43,11.36,11.41,18322
20210707,11.4,11.43,11.4,11.42,447278
20210708,11.43,11.43,11.43,11.43,25613
20210709,11.46,11.46,11.42,11.42,32734
20210712,11.43,11.43,11.37,11.37,82398
20210713,11.43,11.43,11.37,11.43,19014
20210714,11.43,11.43,11.37,11.43,12431
20210715,11.45,11.45,11.38,11.45,9850
20210716,11.43,11.49,11.43,11.49,52654
20210719,11.49,11.54,11.49,11.54,41904
20210720,11.54,11.55,11.49,11.55,12431
20210721,11.57,11.58,11.52,11.58,31758
20210722,11.56,11.56,11.56,11.56,28058
20210723,11.5,11.55,11.46,11.55,43071
20210726,11.56,11.56,11.55,11.55,15320
20210727,11.5,11.5,11.44,11.5,29235
20210728,11.5,11.5,11.46,11.46,11165
20210729,11.52,11.52,11.52,11.52,21683
20210730,11.54,11.54,11.54,11.54,39272
20210802,11.47,11.47,11.42,11.47,35437
20210803,11.47,11.49,11.47,11.49,39970
20210804,11.49,11.51,11.49,11.5,59702
20210805,11.48,11.48,11.46,11.46,49037
20210806,11.46,11.46,11.39,11.42,31639
20210809,11.38,11.38,11.38,11.38,43160
20210810,11.31,11.35,11.31,11.35,29397
20210811,11.36,11.36,11.36,11.36,28261
20210812,11.33,11.37,11.32,11.37,26948
20210813,11.36,11.4,11.36,11.4,43307
20210816,11.4,11.4,11.39,11.39,34688
20210817,11.43,11.44,11.38,11.43,39812
20210818,11.44,11.46,11.44,11.46,49958
20210819,11.44,11.47,11.44,11.47,32793
20210820,11.5,11.5,11.5,11.5,31068
20210823,11.49,11.54,11.49,11.53,119556
20210824,11.52,11.53,11.48,11.53,27950
20210825,11.49,11.5,11.48,11.49,67020
20210826,11.5,11.5,11.46,11.5,46261
20210827,11.52,11.52,11.52,11.52,17672
20210830,11.51,11.52,11.51,11.51,106162
20210831,11.51,11.56,11.51,11.56,21219
20210901,11.54,11.55,11.53,11.55,33363
20210902,11.55,11.55,11.48,11.48,59759
20210903,11.48,11.48,11.38,11.44,177079
20210906,11.41,11.41,11.41,11.41,24266
20210907,11.39,11.41,11.37,11.41,19291
20210908,11.44,11.45,11.44,11.44,90163
20210909,11.44,11.44,11.44,11.44,9771
20210910,11.42,11.42,11.38,11.38,24416
20210913,11.41,11.43,11.37,11.42,191952
20210914,11.41,11.42,11.38,11.41,60852
20210915,11.45,11.45,11.42,11.44,61202
20210916,11.45,11.45,11.42,11.45,51413
20210917,11.44,11.47,11.42,11.42,110669
20210920,11.45,11.45,11.36,11.36,166515
20210921,11.37,11.39,11.25,11.3,575684
20210922,11.31,11.38,11.29,11.36,72237
20210923,11.36,11.38,11.31,11.36,53996
20210924,11.31,11.33,11.25,11.25,23963
20210927,11.25,11.32,11.25,11.3,75331
20210928,11.28,11.29,11.22,11.26,193112
20210929,11.22,11.22,11.21,11.22,23831
20210930,11.24,11.26,11.21,11.26,49259
20211001,11.19,11.21,11.18,11.18,128061
20211004,11.25,11.25,11.18,11.18,38786
20211005,11.2,11.2,11.15,11.17,75421
20211006,11.2,11.2,11.15,11.15,18224
20211007,11.16,11.16,11.12,11.15,13263
20211008,11.16,11.16,11.11,11.11,54694
20211011,11.15,11.15,11.1,11.12,23060
20211012,11.11,11.11,11.06,11.09,34161
20211013,11.1,11.11,11.05,11.11,31939
20211014,11.19,11.19,11.13,11.13,56975
20211015,11.15,11.17,11.11,11.16,60687
20211018,11.18,11.18,11.15,11.15,28376
20211019,11.18,11.18,11.12,11.15,33256
20211020,11.13,11.13,11.06,11.1,52762
20211021,11.1,11.1,11.03,11.07,19440
20211022,11.03,11.05,11.02,11.04,126709
20211025,11.05,11.05,11,11.05,46342
20211026,11.05,11.08,11.04,11.07,32555
20211027,11.01,11.08,11.01,11.06,25189
20211028,11.06,11.09,11.06,11.09,12674
20211029,11.09,11.09,11.03,11.03,54004
20211101,10.43,11.02,10.43,11.02,8968
20211102,10.98,10.98,10.95,10.96,44942
20211103,10.96,11,10.96,11,17076
20211104,11,11.02,10.95,10.95,59096
20211105,10.98,11.03,10.98,11.03,31569
20211108,11.08,11.09,11.04,11.09,27452
20211109,11.08,11.08,11.03,11.03,29043
20211110,11.05,11.05,11.02,11.02,67716
20211111,11.02,11.02,10.93,10.99,27632
20211112,10.99,11.04,10.99,11.04,357430
20211115,11.06,11.06,11.01,11.03,71469
20211116,11.03,11.03,11.03,11.03,18905
20211117,11,11.01,11,11.01,13784
20211118,10.99,11.03,10.99,11.03,26661
20211119,11.03,11.03,10.99,11,72683
20211122,11.01,11.05,11.01,11.05,25801
20211123,11.01,11.01,11,11.01,38685
20211124,10.95,10.98,10.94,10.94,67958
20211125,10.95,10.95,10.9,10.94,30198
20211126,10.91,10.99,10.91,10.97,64411
20211129,10.95,10.95,10.86,10.9,53823
20211130,10.87,10.89,10.84,10.85,103978
20211201,10.81,10.87,10.8,10.86,66477
20211202,10.91,10.91,10.91,10.91,16409
20211203,10.89,10.92,10.89,10.92,22584
20211206,10.92,10.96,10.92,10.96,10308
20211207,10.95,10.97,10.92,10.95,46796
20211208,10.97,10.99,10.93,10.99,51643
20211209,10.99,10.99,10.95,10.99,16376
20211210,11,11.04,10.99,11.02,212309
20211213,11.01,11.01,10.97,11,17955
20211214,11.02,11.02,11,11.01,14312
20211215,11.01,11.01,10.92,10.92,28389
20211216,10.97,10.97,10.87,10.93,55609
20211217,10.94,10.94,10.82,10.82,456935
20211220,10.9,10.9,10.85,10.85,23405
20211221,10.88,10.88,10.85,10.87,25955
20211222,10.89,10.89,10.82,10.87,48369
20211223,10.87,10.87,10.82,10.87,16129
20211224,10.82,10.87,10.8,10.87,17725
20211229,10.82,10.88,10.82,10.88,5000
20211230,10.88,10.88,10.87,10.88,10079
20211231,10.9,10.9,10.89,10.89,9928
20220104,10.86,10.86,10.82,10.85,58318
20220105,10.82,10.86,10.8,10.83,11436
20220106,10.82,10.87,10.81,10.85,8946
20220107,10.85,10.85,10.71,10.73,14673
20220110,10.74,10.75,10.67,10.67,55340
20220111,10.74,10.74,10.66,10.66,21814
20220112,10.66,10.71,10.66,10.69,9791
20220113,10.7,11.61,10.65,10.7,105067
20220114,10.69,10.69,10.65,10.66,20701
20220117,10.6,10.6,10.55,10.59,11926
20220118,10.59,10.62,10.57,10.6,50216
20220119,10.6,10.61,10.55,10.56,11872
20220120,10.52,10.59,10.52,10.57,34960
20220121,10.65,10.65,10.6,10.65,13283
20220124,10.64,10.64,10.61,10.61,15559
20220125,10.64,10.68,10.61,10.64,36789
20220127,10.56,10.62,10.55,10.62,27195
20220128,10.64,10.64,10.6,10.64,26062
20220131,10.68,10.77,10.68,10.69,24900
20220201,10.72,10.72,10.65,10.69,57529
20220202,10.7,10.7,10.66,10.67,19357
20220203,10.65,10.7,10.65,10.69,14239
20220204,10.65,10.67,10.61,10.67,24784
20220207,10.67,10.67,10.61,10.64,16906
20220208,10.605,10.63,10.605,10.61,27451
20220209,10.6,10.6,10.6,10.6,16820
20220210,10.64,10.64,10.6,10.64,17450
20220211,10.58,10.61,10.55,10.61,7370
20220214,10.6,10.65,10.6,10.65,4799
20220215,10.59,10.59,10.59,10.59,5899
20220216,10.58,10.6,10.54,10.6,21013
20220217,10.61,10.63,10.57,10.63,2190
20220218,10.63,10.63,10.58,10.59,780135
20220221,10.61,10.61,10.57,10.61,16124
20220222,10.6,10.6,10.58,10.58,17456
20220223,10.56,10.56,10.55,10.56,20910
20220224,10.55,10.55,10.42,10.43,28020
20220225,10.35,10.35,10.31,10.35,18042
20220228,10.42,10.42,10.34,10.35,61126
20220301,10.23,10.28,10.22,10.26,13666
20220302,10.23,10.25,10.2,10.25,12400
20220303,10.15,10.17,10.1,10.17,14180
20220304,10.09,10.15,10.03,10.04,64478
20220307,10,10,9.94,9.94,41421
20220308,9.94,9.94,9.86,9.89,104096
20220309,9.86,9.88,9.77,9.88,45838
20220310,9.93,9.97,9.9,9.96,37705
20220311,9.94,9.98,9.94,9.96,133151
20220314,9.94,9.99,9.94,9.97,150375
20220315,9.96,10.01,9.96,10.01,8396
20220316,9.99,10,9.97,10,52334
20220317,10.03,10.03,9.99,10.02,18928
20220318,10.05,10.15,9.96,10.01,46440
20220321,10,10.03,10,10.02,11186
20220322,9.98,10,9.98,10,8182
20220323,9.97,9.97,9.91,9.96,8411
20220324,9.91,9.96,9.91,9.96,28442
20220325,9.96,9.97,9.91,9.97,80716
20220328,9.94,9.99,9.92,9.92,75140
20220329,9.99,10,9.95,9.95,19762
20220330,9.97,10.03,9.97,10.03,26654
20220331,10.06,10.1,10.04,10.06,36572
20220401,10.04,10.04,10.02,10.04,6584
20220404,10.05,10.05,10.01,10.03,25254
20220405,10.1,10.11,10.03,10.05,71115
20220406,9.93,9.97,9.93,9.96,70194
20220407,9.98,10.01,9.94,10.01,41720
20220408,9.97,9.99,9.95,9.95,10804
20220411,9.93,9.98,9.9,9.95,55539
20220412,9.91,9.91,9.85,9.87,19229
20220413,9.87,9.88,9.84,9.86,28678
20220414,9.87,9.91,9.87,9.91,26343
20220419,9.91,9.91,9.91,9.91,37829
20220420,9.86,9.87,9.79,9.84,57692
20220421,9.83,9.85,9.78,9.84,100371
20220422,9.79,9.82,9.76,9.78,29805
20220426,9.72,9.8,9.71,9.76,50156
20220427,9.8,9.82,9.66,9.77,34624
20220428,9.77,9.83,9.77,9.79,47621
20220429,9.79,9.81,9.75,9.79,153693
20220502,9.69,9.74,9.69,9.74,14600
20220503,9.67,9.68,9.63,9.67,4187
20220504,9.67,9.67,9.62,9.62,15980
20220505,9.66,9.67,9.62,9.65,15807
20220506,9.64,9.65,9.61,9.65,19424
20220509,9.56,9.59,9.53,9.59,30925
20220510,9.57,9.6,9.52,9.55,117427
20220511,9.58,9.58,9.53,9.56,66124
20220512,9.55,9.61,9.55,9.58,12625
20220513,9.58,9.64,9.58,9.63,15976
20220516,9.66,9.71,9.66,9.7,29012
20220517,9.65,9.65,9.6,9.62,7961
20220518,9.61,9.64,9.58,9.63,18638
20220519,9.64,9.64,9.57,9.57,63013
20220520,9.5,9.56,9.48,9.51,5542
20220523,9.6,9.6,9.58,9.58,6248
20220524,9.55,9.58,9.55,9.58,12537
20220525,9.58,9.62,9.58,9.62,14050
20220526,9.61,9.69,9.6,9.69,27525
20220527,9.69,9.72,9.69,9.72,8939
20220530,9.73,9.73,9.72,9.72,21798
20220531,9.72,9.74,9.7,9.74,18176
20220601,9.62,9.65,9.62,9.65,15720
20220602,9.6,9.6,9.52,9.6,4593
20220603,9.59,9.59,9.54,9.54,7058
20220606,9.61,9.61,9.55,9.59,1171542
20220607,9.57,9.57,9.53,9.56,18773
20220608,9.55,9.55,9.41,9.48,108975
20220609,9.48,9.49,9.48,9.49,21539
20220610,9.47,9.47,9.42,9.42,18800
20220614,9.29,9.29,9.2,9.27,128203
20220615,9.19,9.24,9.19,9.24,27576
20220616,9.23,9.23,9.16,9.16,63631
20220617,9.18,9.2,9.14,9.14,31983
20220620,9.2,9.23,9.16,9.18,34552
20220621,9.21,9.21,9.17,9.21,11152
20220622,9.14,9.19,9.14,9.19,16108
20220623,9.21,9.23,9.17,9.17,35649
20220624,9.2,9.25,9.15,9.16,54998
20220627,9.13,9.19,9.11,9.19,103535
20220628,9.29,9.3,9.13,9.24,31560
20220629,9.2,9.2,9.1,9.16,7199
20220630,9.07,9.07,9.06,9.06,1965
20220701,9.08,9.11,9.07,9.09,8735
20220704,9.19,9.19,9.13,9.18,47772
20220705,9.11,9.14,9.1,9.11,6512
20220706,9.13,9.16,9.12,9.12,8158
20220707,9.09,9.12,9.08,9.08,4509
20220708,9.03,9.08,9.02,9.08,85214
20220711,9.07,9.08,9.03,9.08,32274
20220712,9.08,9.08,9.04,9.07,4251
20220713,9.02,9.03,9.02,9.03,3726
20220714,8.92,8.95,8.91,8.95,4764
20220715,8.9,8.92,8.87,8.87,9696
20220718,8.91,8.92,8.85,8.92,52873
20220719,8.92,8.92,8.9,8.91,1841
20220720,8.55,8.93,8.55,8.91,10794
20220721,8.93,8.98,8.93,8.98,31959
20220722,9.04,9.04,8.99,9.04,10679
20220725,9.07,9.08,9.01,9.05,13676
20220726,9.11,9.11,9.07,9.11,33576
20220727,9.07,9.1,9.03,9.07,35342
20220728,9.09,9.14,9.09,9.14,58720
20220729,9.16,9.22,9.16,9.21,17803
20220801,9.26,9.26,9.2,9.23,4452
20220802,9.27,9.31,9.25,9.25,6432
20220803,9.23,9.27,9.2,9.2,18636
20220804,9.26,9.26,9.21,9.21,15189
20220805,9.31,9.32,9.31,9.32,37591
20220808,9.32,9.33,9.27,9.27,11894
20220809,9.3,9.34,9.3,9.34,37432
20220810,9.34,9.36,9.325,9.36,14088
20220811,9.29,9.42,9.29,9.4,53110
20220812,9.39,9.39,9.33,9.37,3857
20220815,9.44,9.46,9.41,9.46,11087
20220816,9.45,9.45,9.4,9.44,9418
20220817,9.44,9.46,9.44,9.46,2840
20220818,9.45,9.47,9.45,9.47,4347
20220819,9.42,9.42,9.42,9.42,625
20220822,9.37,9.37,9.31,9.31,17930
20220823,9.31,9.31,9.28,9.28,463
20220824,9.33,9.34,9.31,9.31,12844
20220825,9.36,9.37,9.33,9.36,31122
20220826,9.35,9.39,9.35,9.39,13669
20220829,9.43,9.43,9.43,9.43,21100
20220830,9.42,9.46,9.42,9.44,15621
20220831,9.41,9.42,9.39,9.4,7442
20220901,9.32,9.36,9.31,9.35,3148
20220902,9.36,9.37,9.36,9.37,2681
20220905,9.38,9.38,9.38,9.38,6391
20220906,9.4,9.4,9.36,9.4,7107
20220907,9.38,9.4,9.36,9.36,23759
20220908,9.42,9.42,9.39,9.42,5733
20220909,9.39,9.43,9.39,9.43,4287
20220912,9.38,9.4,9.36,9.36,10175
20220913,9.38,9.405,9.37,9.4,7473
20220914,9.4,9.43,9.4,9.43,8687
20220915,9.4,9.4,9.37,9.4,12031
20220916,9.41,9.41,9.38,9.38,5101
20220919,9.35,9.4,9.35,9.4,2678
20220920,9.39,9.39,9.35,9.35,8814
20220921,9.37,9.38,9.37,9.38,19371
20220923,9.31,9.34,9.31,9.31,10462
20220926,9.32,9.35,9.32,9.32,7787
20220927,9.26,9.26,9.23,9.26,16799
20220928,9.22,9.22,9.16,9.18,11903
20220929,9.08,9.08,9.01,9.06,27940
20220930,9,9.02,8.98,8.98,2490
20221003,9.06,9.07,9.06,9.07,2184
20221004,8.65,9.15,8.65,9.05,5330
20221005,9.15,9.21,9.14,9.21,4339
20221006,9.13,9.13,9.1,9.1,2728
20221007,9.17,9.17,9.12,9.16,44919
20221010,9.09,9.09,9.08,9.08,13579
20221011,9.08,9.14,9.08,9.14,2414
20221012,9.06,9.06,9.06,9.06,431
20221013,9.04,9.07,9.04,9.07,12825
20221014,9.04,9.04,9,9,678
20221017,9.02,9.02,8.97,9.01,6165
20221018,8.99,9.01,8.99,9.01,56599
20221019,8.97,8.99,8.97,8.99,7411
20221020,8.95,8.95,8.9,8.9,14770
20221021,8.91,8.91,8.81,8.84,4731
20221024,8.82,8.82,8.78,8.82,15979
20221025,8.81,8.85,8.81,8.85,22339
20221026,8.83,8.83,8.77,8.82,46004
20221027,8.78,8.83,8.78,8.83,15298
20221028,8.86,8.86,8.86,8.86,5285
20221031,8.83,8.92,8.83,8.88,10510
20221101,8.87,8.87,8.87,8.87,8009
20221102,8.86,8.89,8.86,8.86,13183
20221103,8.85,8.86,8.81,8.81,37679
20221104,8.81,8.87,8.81,8.87,9214
20221107,8.87,8.87,8.83,8.83,3568
20221108,8.85,8.86,8.85,8.86,8128
20221109,8.86,8.9,8.86,8.86,11032
20221110,9.05,9.05,9.01,9.01,19760
20221111,9.05,9.07,9.02,9.02,7040
20221114,9.09,9.11,9.09,9.09,12285
20221115,9.17,9.18,9.17,9.18,22534
20221116,9.16,9.2,9.16,9.2,35392
20221117,9.16,9.24,9.16,9.24,23919
20221118,9.23,9.24,9.2,9.21,18067
20221121,9.21,9.23,9.21,9.23,6735
20221122,9.2,9.27,9.2,9.27,2149
20221123,9.26,9.27,9.2,9.2,45326
20221124,9.25,9.25,9.21,9.25,20412
20221125,9.22,9.25,9.19,9.21,33588
20221128,9.27,9.32,9.27,9.32,10671
20221129,9.32,9.41,9.32,9.4,15030
20221130,9.41,9.46,9.41,9.46,18616
20221201,9.36,9.48,9.36,9.48,65944
20221202,9.48,9.51,9.48,9.51,10583
20221205,9.58,9.58,9.56,9.57,4404
20221206,9.59,9.66,9.59,9.63,38845
20221207,9.66,9.66,9.61,9.64,18172
20221208,9.65,9.73,9.64,9.65,14107
20221209,9.66,9.66,9.61,9.61,44372
20221212,9.61,9.63,9.59,9.59,19834
20221213,9.63,9.65,9.59,9.64,37253
20221214,9.64,9.64,9.56,9.56,22176
20221215,9.61,9.64,9.61,9.64,4291
20221216,9.64,9.7,9.64,9.7,22010
20221219,9.72,9.73,9.69,9.69,71194
20221220,9.73,9.73,9.73,9.73,30191
20221221,9.67,9.76,9.63,9.75,39734
20221222,9.8,9.805,9.75,9.75,47759
20221223,9.69,9.76,9.69,9.76,12373
20221228,9.74,9.74,9.72,9.72,2603
20221229,9.67,9.67,9.67,9.67,1237
20221230,9.67,9.68,9.67,9.68,645
20230103,9.66,9.66,9.62,9.62,6777
20230104,9.65,9.71,9.63,9.66,1572
20230105,9.7,9.7,9.67,9.68,5589
20230106,9.63,9.63,9.63,9.63,561
20230109,9.68,9.68,9.64,9.68,4484
20230110,9.71,9.77,9.71,9.77,6249
20230111,9.76,9.81,9.76,9.81,4393
20230112,9.76,9.86,9.76,9.86,12843
20230113,9.87,9.91,9.87,9.91,6638
20230116,9.91,9.94,9.9,9.94,7206
20230117,9.94,9.95,9.92,9.93,4755
20230118,9.92,9.95,9.88,9.91,8845
20230119,9.94,10.04,9.94,10.02,3995
20230120,10.05,10.05,10,10,9994
20230123,10.02,10.03,9.98,10.03,8288
20230124,10,10.01,9.96,10.01,1082
20230125,10,10.01,9.94,9.95,5389
20230127,9.95,9.96,9.95,9.96,5439
20230130,9.95,9.99,9.95,9.98,3882
20230131,9.97,9.99,9.95,9.99,5791
20230201,9.91,9.91,9.88,9.89,45801
20230202,9.86,9.9,9.81,9.9,3594
20230203,9.97,9.99,9.96,9.99,39554
20230206,10.03,10.04,9.98,10,46331
20230207,9.97,9.98,9.91,9.91,36555
20230208,9.91,9.92,9.8,9.92,23355
20230209,9.91,9.91,9.86,9.86,2887
20230210,9.87,9.9,9.86,9.9,11242
20230213,9.86,9.86,9.82,9.84,25361
20230214,9.79,9.79,9.77,9.79,7756
20230215,9.76,9.77,9.74,9.76,21309
20230216,9.77,9.78,9.75,9.75,14829
20230217,9.76,9.82,9.76,9.79,31135
20230220,9.77,9.77,9.76,9.76,5350
20230221,9.72,9.75,9.72,9.72,22139
20230222,9.71,9.73,9.71,9.73,5880
20230223,9.73,9.76,9.73,9.76,15903
20230224,9.77,9.77,9.73,9.75,25754
20230227,9.79,9.82,9.78,9.82,6640
20230228,9.82,9.83,9.8,9.83,25871
20230301,9.79,9.81,9.77,9.77,14843
20230302,9.78,9.79,9.75,9.75,17209
20230303,9.81,9.81,9.78,9.79,13306
20230306,9.73,9.78,9.73,9.74,33109
20230307,9.82,9.89,9.8,9.89,8273
20230308,10.01,10.02,9.94,9.94,185328
20230309,9.87,9.88,9.84,9.84,40088
20230310,9.89,9.91,9.87,9.91,2564
20230313,10,10,9.86,9.89,19149
20230314,9.85,9.85,9.8,9.83,22858
20230315,9.82,9.85,9.81,9.84,20616
20230316,9.82,9.83,9.77,9.77,16834
20230317,9.78,9.79,9.74,9.75,8199
20230320,9.72,9.77,9.72,9.77,18283
20230321,9.74,9.81,9.71,9.81,38449
20230322,9.82,9.84,9.81,9.83,13131
20230323,9.84,9.86,9.82,9.86,24790
20230324,9.88,9.92,9.78,9.89,30085
20230327,9.88,9.91,9.87,9.91,12985
20230328,9.89,9.91,9.88,9.9,8050
20230329,9.87,9.91,9.87,9.91,32602
20230330,9.89,9.92,9.85,9.9,18333
20230331,9.92,9.95,9.88,9.95,25862
20230403,9.94,9.94,9.89,9.93,31086
20230404,9.85,9.88,9.83,9.85,54106
20230405,9.9,9.96,9.89,9.92,16630
20230406,9.97,9.98,9.95,9.97,37140
20230411,9.95,10,9.95,9.98,20622
20230412,9.98,10.03,9.98,10.01,20957
20230413,10.03,10.03,9.97,10.02,20168
20230414,9.96,10.01,9.96,10.01,38787
20230417,10.03,10.08,10.02,10.08,65410
20230418,10.04,10.04,9.97,10.01,38965
20230419,10.02,10.02,9.98,9.98,6031
20230420,10,10,9.97,9.97,2901
20230421,9.99,10.05,9.97,10.05,37240
20230424,10.04,10.04,10.02,10.02,2968
20230426,10.05,10.09,10.03,10.08,27474
20230427,10.09,10.11,10.06,10.08,64286
20230428,10.09,10.09,10.07,10.09,43435
20230501,10.08,10.08,10.02,10.05,41507
20230502,10.03,10.03,9.95,9.97,30420
20230503,10.02,10.02,9.99,10.02,8352
20230504,10.05,10.07,10.02,10.02,8286
20230505,9.99,10.02,9.98,10,18860
20230508,9.98,10,9.95,9.97,49074
20230509,9.97,9.98,9.93,9.93,15750
20230510,9.97,9.98,9.91,9.91,60558
20230511,9.93,9.96,9.89,9.89,76090
20230512,9.91,9.98,9.9,9.98,45571
20230515,10.04,10.04,9.97,9.97,25231
20230516,9.97,10,9.94,10,96120
20230517,9.97,9.98,9.95,9.97,13994
20230518,9.95,9.96,9.94,9.94,23490
20230519,9.9,10.03,9.9,9.92,14457
20230522,9.9,9.94,9.89,9.9,19761
20230523,9.9,9.9,9.83,9.87,99739
20230524,9.89,9.95,9.89,9.95,13231
20230525,9.96,10,9.96,10,14279
20230526,9.96,10.02,9.96,9.99,20806
20230529,10,10.02,9.96,10,32526
20230530,10.01,10.01,9.96,9.97,13093
20230531,9.99,10.05,9.98,10,19181
20230601,10,10.02,9.95,10,28875
20230602,9.99,9.99,9.9,9.9,77366
20230605,9.93,9.97,9.93,9.94,28459
20230606,10.01,10.03,9.96,9.96,35329
20230607,9.99,9.99,9.95,9.95,10560
20230608,9.95,9.98,9.93,9.97,27374
20230609,9.97,10.02,9.93,10.02,40841
20230613,10.02,10.02,9.91,9.95,18251
20230614,9.96,9.99,9.96,9.98,13612
20230615,9.99,9.99,9.94,9.96,16258
20230616,9.95,9.96,9.92,9.95,19618
20230619,9.95,9.98,9.92,9.98,62699
20230620,9.96,10.02,9.92,9.98,34716
20230621,10.01,10.05,9.96,10.05,54845
20230622,10.02,10.11,10.02,10.11,22775
20230623,10.11,10.13,10.09,10.13,4940
20230626,10.13,10.18,10.1,10.18,34294
20230627,10.19,10.19,10.12,10.12,17024
20230628,10.14,10.21,10.14,10.17,54428
20230629,10.23,10.24,10.19,10.19,21535
20230630,10.21,10.22,10.16,10.22,15311
20230703,10.16,10.19,10.15,10.16,35512
20230704,10.11,10.22,10.11,10.2,52703
20230705,10.1,10.13,10.08,10.09,20799
20230706,10.12,10.12,10.06,10.06,16788
20230707,10.09,10.1,10.04,10.09,27406
20230710,10.02,10.03,9.97,9.97,55938
20230711,10.01,10.05,9.98,10.04,32958
20230712,10.03,10.03,10.01,10.01,18931
20230713,10.05,10.1,10.05,10.08,12736
20230714,10.06,10.06,10.01,10.01,16696
20230717,10.08,10.14,10.07,10.12,45374
20230718,10.12,10.12,10.05,10.05,67313
20230719,10.08,10.16,10.08,10.13,22391
20230720,10.14,10.14,10.11,10.12,27293
20230721,10.14,10.16,10.11,10.14,34681
20230724,10.13,10.16,10.12,10.16,27092
20230725,10.16,10.16,10.09,10.15,18483
20230726,10.12,10.2,10.11,10.2,131337
20230727,10.19,10.19,10.11,10.12,53645
20230728,10.2,10.24,10.15,10.23,46555
20230731,10.29,10.29,10.22,10.26,16262
20230801,10.29,10.33,10.2,10.29,37373
20230802,10.21,10.22,10.15,10.18,14442
20230803,10.16,10.2,10.14,10.2,37782
20230804,10.15,10.15,10.1,10.1,12499
20230807,10.14,10.15,10.11,10.11,3789
20230808,10.09,10.2,10.09,10.2,58234
20230809,10.15,10.17,10.11,10.16,69233
20230810,10.19,10.19,10.12,10.17,17710
20230811,10.17,10.17,10.08,10.09,177543
20230814,10.14,10.15,10.11,10.13,46492
20230815,10.06,10.1,10.02,10.02,44266
20230816,10.04,10.08,10.04,10.06,31346
20230817,10.07,10.09,10.07,10.09,9486
20230818,10.07,10.09,10.05,10.08,18587
20230821,10.04,10.05,10,10.03,49796
20230822,10.02,10.02,9.96,9.97,39064
20230823,9.96,9.97,9.93,9.93,62287
20230824,9.99,10,9.95,9.95,22662
20230825,10.08,10.08,10.01,10.02,37170
20230828,10.05,10.07,10.01,10.07,4552
20230829,10.07,10.07,10,10.01,88367
20230830,10.04,10.06,9.98,10,262890
20230831,10.05,10.05,10.02,10.04,12469
20230901,10.01,10.01,9.98,9.98,90090
20230904,10,10,9.96,9.97,22546
20230905,9.99,10.01,9.98,10,4398
20230906,10.03,10.05,10.01,10.01,10151
20230907,10.04,10.05,10.02,10.05,21289
20230908,10.06,10.06,10.01,10.02,27775
20230911,10.01,10.02,9.98,9.99,16857
20230912,10.04,10.04,9.99,9.99,172729
20230913,10.01,10.02,9.99,9.99,82352
20230914,10.04,10.04,9.99,10,49273
20230915,10,10.02,9.99,9.99,9659
20230918,9.98,10,9.96,9.96,14325
20230919,9.98,10.02,9.97,9.98,5644
20230920,9.97,9.98,9.94,9.94,33171
20230921,9.92,9.93,9.9,9.93,86807
20230922,9.91,9.94,9.91,9.92,19642
20230925,9.91,9.97,9.91,9.97,96802
20230926,9.93,9.96,9.91,9.93,111817
20230927,9.92,9.93,9.89,9.9,34921
20230928,9.92,9.92,9.86,9.88,19081
20230929,9.89,9.89,9.84,9.85,13502
20231002,9.78,9.83,9.77,9.83,26406
20231003,9.81,9.81,9.76,9.79,23531
20231004,9.8,9.8,9.76,9.77,9091
20231005,9.755,9.76,9.72,9.76,9315
20231006,9.71,9.72,9.68,9.72,9716
20231009,9.74,9.74,9.68,9.69,16331
20231010,9.69,9.7,9.65,9.69,11926
20231011,9.66,9.69,9.66,9.68,18194
20231012,9.73,9.73,9.67,9.71,17193
20231013,9.69,9.69,9.66,9.68,13781
20231016,9.75,9.77,9.7,9.73,26423
20231017,9.73,9.73,9.69,9.69,10057
20231018,9.7,9.7,9.67,9.67,16709
20231019,9.66,9.69,9.65,9.65,28564
20231020,9.66,9.68,9.63,9.65,40929
20231023,9.67,9.67,9.63,9.63,4083
20231024,9.67,9.67,9.62,9.66,47287
20231025,9.65,9.65,9.61,9.64,12944
20231026,9.67,9.7,9.67,9.68,23573
20231027,9.67,9.71,9.66,9.66,58958
20231030,9.66,9.67,9.61,9.64,92860
20231031,9.65,9.65,9.62,9.65,59076
20231101,9.6,9.65,9.59,9.59,29999
20231102,9.6,9.6,9.57,9.6,50222
20231103,9.63,9.66,9.63,9.63,7186
20231106,9.7,9.71,9.69,9.7,6111
20231107,9.71,9.77,9.7,9.77,14258
20231108,9.79,9.8,9.77,9.77,8337
20231109,9.85,9.85,9.81,9.83,20777
20231110,9.85,9.85,9.79,9.83,5875
20231113,9.82,9.84,9.81,9.82,16535
20231114,9.82,9.82,9.8,9.8,8226
20231115,9.84,9.89,9.84,9.89,30799
20231116,9.86,9.86,9.82,9.84,17831
20231117,9.87,9.91,9.87,9.91,11755
20231120,9.9,9.91,9.87,9.87,6726
20231121,9.91,9.93,9.86,9.86,42595
20231122,9.9,9.92,9.88,9.92,15663
20231123,9.95,9.95,9.91,9.91,11255
20231124,9.935,9.95,9.91,9.95,12813
20231127,10,10,9.91,9.94,10876
20231128,10,10,9.9,9.93,7400
20231129,9.92,9.95,9.89,9.91,11914
20231130,9.98,10,9.94,9.96,25223
20231201,9.97,10,9.92,9.96,37561
20231204,9.95,9.95,9.85,9.86,23787
20231205,9.94,9.98,9.93,9.95,24285
20231206,9.97,9.98,9.94,9.96,33714
20231207,10.07,10.07,10.02,10.03,15324
20231208,10,10.06,10,10.02,20120
20231211,10.02,10.03,10.01,10.02,15022
20231212,10.04,10.05,10,10,20010
20231213,10.05,10.06,10.04,10.04,15857
20231214,10.07,10.1,10.06,10.06,12674
20231215,10.06,10.09,10.04,10.06,21330
20231218,10.12,10.14,10.11,10.12,17855
20231219,10.15,10.16,10.11,10.14,27481
20231220,10.15,10.16,10.11,10.15,26365
20231221,10.17,10.19,10.13,10.16,13391
20231222,10.12,10.16,10.12,10.13,12445
20231227,10.14,10.17,10.12,10.16,8970
20231228,10.18,10.18,10.14,10.18,7255
20231229,10.16,10.19,10.15,10.16,13990
20240102,10.21,10.21,10.1,10.13,21117
20240103,10.13,10.13,10.13,10.13,7845
20240104,10.13,10.13,10.09,10.09,11865
20240105,10.11,10.12,10.11,10.12,10335
20240108,10.11,10.11,10.07,10.07,7064
20240109,10.1,10.1,10.07,10.09,12088
20240110,10.1,10.1,10.06,10.1,16902
20240111,10.13,10.13,10.13,10.13,1643
20240112,10.17,10.17,10.13,10.17,8527
20240115,10.18,10.2,10.18,10.19,3647
20240116,10,10.26,10,10.26,32684
20240117,10.2,10.24,10.2,10.2,12621
20240118,10.2,10.21,10.18,10.21,6644
20240119,10.22,10.22,10.17,10.17,18397
20240122,10.2,10.21,10.19,10.19,9142
20240123,10.2,10.2,10.15,10.15,10501
20240124,10.17,10.18,10.14,10.18,18040
20240125,10.2,10.2,10.16,10.16,7254
20240129,10.21,10.21,10.17,10.17,16637
20240130,10.16,10.17,10.12,10.17,29633
20240131,10.2,10.22,10.17,10.21,7083
20240201,10.18,10.18,10.13,10.16,9233
20240202,10.16,10.19,10.11,10.19,16010
20240205,10.24,10.25,10.19,10.19,7581
20240206,10.19,10.21,10.15,10.16,18603
20240207,10.16,10.2,10.16,10.2,3364
20240208,10.19,10.19,10.17,10.18,3042
20240209,10.19,10.23,10.19,10.23,67888
20240212,10.25,10.25,10.19,10.2,12831
20240213,10.21,10.22,10.18,10.19,23682
20240214,10.22,10.23,10.19,10.22,36315
20240215,10.23,10.25,10.21,10.25,12348
20240216,10.23,10.23,10.2,10.2,9362
20240219,10.23,10.23,10.18,10.19,5865
20240220,10.21,10.24,10.2,10.24,19961
20240221,10.23,10.24,10.21,10.21,10822
20240222,10.21,10.25,10.2,10.25,16913
20240223,10.24,10.24,10.19,10.22,9050
20240226,10.2,10.25,10.2,10.25,15633
20240227,10.24,10.26,10.21,10.22,16768
20240228,10.25,10.28,10.24,10.24,17481
20240229,10.25,10.27,10.24,10.27,13698
20240301,10.24,10.25,10.22,10.22,13637
20240304,10.2,10.24,10.16,10.2,20450
20240305,10.24,10.25,10.22,10.22,5346
20240306,10.28,10.28,10.27,10.27,10176
20240307,10.23,10.26,10.22,10.22,9962
20240308,10.24,10.25,10.22,10.24,14135
20240311,10.26,10.28,10.23,10.25,9162
20240312,10.26,10.27,10.24,10.24,4710
20240313,10.32,10.32,10.22,10.23,14525
20240314,10.25,10.26,10.22,10.23,3761
20240315,10.26,10.29,10.24,10.27,19389
20240318,10.26,10.26,10.22,10.25,7714
20240319,10.23,10.24,10.21,10.23,4738
20240320,10.24,10.24,10.21,10.21,5271
20240321,10.21,10.23,10.19,10.23,10979
20240322,10.25,10.31,10.25,10.31,7653
20240325,10.26,10.32,10.25,10.3,16299
20240326,10.29,10.31,10.28,10.31,32611
20240327,10.28,10.29,10.24,10.29,61381
20240328,10.3,10.3,10.26,10.27,20045
20240402,10.26,10.26,10.22,10.25,18588
20240403,10.23,10.23,10.18,10.18,8264
20240404,10.21,10.22,10.17,10.17,16194
20240405,10.2,10.23,10.19,10.23,16952
20240408,10.2,10.26,10.17,10.22,46446
20240409,10.22,10.26,10.18,10.22,21249
20240410,10.2,10.22,10.2,10.22,20553
20240411,10.2,10.22,10.18,10.2,18867
20240412,10.17,10.22,10.17,10.19,22921
20240415,10.17,10.17,10.1,10.1,14262
20240416,10.13,10.14,10.1,10.1,24652
20240417,10.1,10.1,10.05,10.05,28193
20240418,10.09,10.1,10.07,10.08,11376
20240419,10.09,10.12,10.07,10.08,20724
20240422,10.1,10.1,10.06,10.1,14792
20240423,10.09,10.1,10.08,10.08,22209
20240424,10.1,10.1,10.08,10.08,33879
20240426,10.05,10.08,10.05,10.05,9675
20240429,10.09,10.09,10.04,10.04,26469
20240430,10.09,10.12,10.08,10.09,15891
20240501,10.02,10.04,10.01,10.04,32625
20240502,10.04,10.04,10,10.04,10254
20240503,10.06,10.07,10.02,10.02,3833
20240506,10.06,10.1,10.04,10.04,38341
20240507,10.1,10.12,10.07,10.09,25348
20240508,10.15,10.16,10.12,10.135,7941
20240509,10.14,10.15,10.09,10.13,10726
20240510,10.14,10.16,10.12,10.16,32079
20240513,10.14,10.15,10.11,10.11,4974
20240514,10.11,10.16,10.11,10.13,14652
20240515,10.15,10.16,10.12,10.12,22146
20240516,10.16,10.19,10.15,10.16,41626
20240517,10.17,10.21,10.17,10.18,20802
20240520,10.15,10.2,10.15,10.2,9408
20240521,10.18,10.22,10.17,10.2,15607
20240522,10.2,10.22,10.17,10.18,54786
20240523,10.22,10.23,10.17,10.17,14981
20240524,10.19,10.22,10.17,10.17,9715
20240527,10.2,10.2,10.17,10.2,9426
20240528,10.18,10.18,10.13,10.13,8540
20240529,10.15,10.15,10.1,10.1,57131
20240530,10.14,10.14,10.11,10.11,5218
20240531,10.15,10.16,10.09,10.09,26987
20240603,10.08,10.09,10.05,10.09,13755
20240604,10.09,10.1,10.06,10.06,30808
20240605,10.08,10.08,10.04,10.05,20549
20240606,10.08,10.08,10.05,10.08,4783
20240607,10.05,10.06,10.02,10.02,18734
20240611,10.06,10.06,10.01,10.03,33438
20240612,10.05,10.05,10.02,10.02,21699
20240613,10.08,10.08,10.02,10.02,27154
20240614,10.02,10.05,10.01,10.01,29056
20240617,10.01,10.06,10.01,10.06,9906
20240618,10.03,10.06,10.03,10.03,4064
20240619,10.03,10.07,10.03,10.04,26685
20240620,10.05,10.05,10.045,10.05,76381
20240621,10.05,10.05,10.01,10.04,6456
20240624,10.04,10.06,10.04,10.06,7397
20240625,10.08,10.08,10.06,10.08,10605
20240626,10.08,10.08,10,10,15542
20240627,10.02,10.04,9.99,9.99,13495
20240628,10.05,10.05,10.01,10.02,24463
20240701,9.99,10,9.95,10,26105
20240702,9.95,10,9.91,10,41222
20240703,9.95,10.01,9.95,10.01,8045
20240704,10.02,10.03,9.99,10.02,16383
20240705,10.04,10.05,10.01,10.05,45099
20240708,10.07,10.07,10.02,10.07,4677
20240709,10.09,10.1,10.05,10.09,13397
20240710,10.07,10.1,10.05,10.06,14276
20240711,10.09,10.1,10.06,10.08,15330
20240712,10.12,10.12,10.09,10.1,3062
20240715,10.13,10.13,10.11,10.12,55187
20240716,10.15,10.16,10.13,10.14,15303
20240717,10.17,10.18,10.16,10.18,12253
20240718,10.17,10.19,10.14,10.14,39318
20240719,10.16,10.16,10.11,10.14,54304
20240722,10.16,10.18,10.13,10.18,32473
20240723,10.2,10.22,10.17,10.21,8475
20240724,10.17,10.23,10.16,10.23,7809
20240725,10.21,10.23,10.2,10.21,9273
20240726,10.25,10.25,10.21,10.21,10545
20240729,10.23,10.27,10.23,10.26,5581
20240730,10.24,10.25,10.2,10.23,47519
20240731,10.27,10.35,10.25,10.35,10627
20240801,10.26,10.3,10.25,10.29,14997
20240802,10.45,10.45,10.26,10.3,9151
20240805,10.4,10.4,10.32,10.35,14661
20240806,10.3,10.33,10.24,10.26,23627
20240807,10.265,10.3,10.23,10.23,33817
20240808,10.24,10.29,10.24,10.28,8143
20240809,10.29,10.3,10.24,10.25,20321
20240812,10.33,10.34,10.29,10.34,13198
20240813,10.35,10.36,10.3,10.35,7720
20240814,10.37,10.38,10.32,10.34,13298
20240815,10.38,10.42,10.35,10.38,32580
20240816,10.39,10.4,10.35,10.35,14963
20240819,10.37,10.39,10.35,10.39,18662
20240820,10.39,10.39,10.35,10.35,21447
20240821,10.35,10.39,10.34,10.35,17039
20240822,10.36,10.38,10.33,10.37,54679
20240823,10.32,10.36,10.32,10.36,12345
20240826,10.37,10.38,10.33,10.38,18234
20240827,10.36,10.36,10.335,10.34,18412
20240828,10.32,10.34,10.29,10.3,7341
20240829,10.31,10.32,10.28,10.32,19039
20240830,10.29,10.3,10.22,10.22,50577
20240902,10.23,10.24,10.19,10.19,14497
20240903,10.19,10.23,10.14,10.18,21050
20240904,10.25,10.26,10.2,10.2,13278
20240905,10.3,10.3,10.22,10.28,26934
20240906,10.29,10.31,10.29,10.31,14400
20240909,10.32,10.33,10.27,10.28,19728
20240910,10.36,10.36,10.3,10.35,28901
20240911,10.36,10.36,10.31,10.32,10903
20240912,10.35,10.35,10.31,10.31,336
20240913,10.36,10.38,10.34,10.34,9822
20240916,10.4,10.41,10.37,10.39,14309
20240917,10.39,10.43,10.39,10.42,17445
20240918,10.41,10.46,10.41,10.42,37459
20240919,10.45,10.45,10.41,10.41,9709
20240920,10.46,10.46,10.42,10.42,17531
20240923,10.41,10.45,10.4,10.45,42646
20240924,10.43,10.43,10.39,10.42,14959
20240925,10.42,10.45,10.4,10.42,29172
20240926,10.47,10.47,10.42,10.43,45902
20240927,10.42,10.49,10.42,10.43,44004
20240930,10.43,10.48,10.43,10.48,17373
20241001,10.41,10.41,10.36,10.4,19547
20241002,10.38,10.42,10.34,10.42,45486
20241003,10.4,10.41,10.36,10.41,5280
20241004,10.4,10.4,10.36,10.36,6624
20241007,10.37,10.41,10.35,10.35,23554
20241008,10.42,10.43,10.37,10.41,43190
20241009,10.39,10.4,10.34,10.34,40525
20241010,10.39,10.39,10.34,10.38,21063
20241011,10.38,10.38,10.33,10.37,22858
20241014,10.37,10.38,10.33,10.37,21138
20241015,10.35,10.39,10.35,10.365,15910
20241016,10.36,10.43,10.35,10.42,8565
20241017,10.42,10.42,10.38,10.38,5267
20241018,10.37,10.4,10.35,10.38,44340
20241021,10.4,10.4,10.36,10.39,12011
20241022,10.36,10.37,10.33,10.33,17195
20241023,10.34,10.35,10.31,10.34,102387
20241024,10.3,10.31,10.28,10.31,4827
20241025,10.35,10.35,10.32,10.32,20599
20241028,10.37,10.38,10.34,10.38,15167
20241029,10.41,10.41,10.38,10.38,4944
20241030,10.38,10.43,10.38,10.38,6473
20241031,10.37,10.4,10.36,10.36,9397
20241101,10.36,10.38,10.31,10.31,18332
20241104,10.28,10.3,10.26,10.29,26135
20241105,10.33,10.34,10.29,10.29,15991
20241106,10.32,10.34,10.26,10.26,8263
20241107,10.29,10.3,10.24,10.24,4320
20241108,10.35,10.4,10.34,10.4,41126
20241111,10.37,10.37,10.31,10.31,6579
20241112,10.34,10.37,10.32,10.32,17182
20241113,10.29,10.31,10.26,10.26,39419
20241114,10.26,10.34,10.25,10.31,14151
20241115,10.32,10.36,10.32,10.35,16931
20241118,10.33,10.35,10.3,10.34,13574
20241119,10.3,10.32,10.28,10.28,9124
20241120,10.28,10.3,10.26,10.27,10732
20241121,10.27,10.29,10.26,10.29,15822
20241122,10.29,10.31,10.29,10.29,14076
20241125,10.31,10.32,10.27,10.3,13443
20241126,10.35,10.35,10.29,10.29,23281
20241127,10.29,10.33,10.29,10.29,9890
20241128,10.32,10.32,10.28,10.28,15225
20241129,10.27,10.29,10.25,10.25,19664
20241202,10.27,10.27,10.23,10.23,12316
20241203,10.25,10.3,10.25,10.25,58480
20241204,10.255,10.35,10.255,10.3,21234
20241205,10.33,10.35,10.31,10.32,22489
20241206,10.29,10.38,10.29,10.34,6698
20241209,10.41,10.42,10.38,10.42,25305
20241210,10.42,10.43,10.38,10.41,15253
20241211,10.42,10.44,10.39,10.42,17786
20241212,10.38,10.4,10.33,10.34,27864
20241213,10.38,10.4,10.35,10.35,2332
20241216,10.38,10.38,10.34,10.34,9679
20241217,10.36,10.38,10.33,10.34,28922
20241218,10.36,10.38,10.34,10.34,17545
20241219,10.35,10.36,10.22,10.22,5366
20241220,10.27,10.29,10.26,10.29,54418
20241223,10.29,10.32,10.24,10.295,119389
20241224,10.31,10.31,10.28,10.28,4556
20241227,10.28,10.34,10.28,10.33,1501
20241230,10.32,10.34,10.28,10.31,3620
20241231,10.34,10.35,10.28,10.29,5128
20250102,10.26,10.26,10.22,10.22,6966
20250103,10.24,10.28,10.24,10.28,17159
20250106,10.28,10.29,10.25,10.25,9346
20250107,10.31,10.31,10.25,10.25,14253
20250108,10.3,10.31,10.28,10.28,4464
20250109,10.26,10.3,10.26,10.3,3494
20250110,10.25,10.31,10.25,10.29,9418
20250113,10.26,10.26,10.22,10.22,10491
20250114,10.26,10.27,10.23,10.23,22508
20250115,10.26,10.26,10.23,10.23,3722
20250116,10.3,10.31,10.27,10.31,4539
20250117,10.3,10.3,10.24,10.25,7408
